13357 447
312841552341034255347
322103383024401444035
372221020230540044442
202320220806425414056
807078022308140357546
310234330308006484044
037003338003011703416
712210316103130140053
131021014020354055464
622100033470137570520
210107037077305871353
284387117708757077536
702373008870557005750
220038375556006866600
383770650770700157656
237510040402600003053
703750707860478007060
871800411307071066074
827007710775761076565
288875700680771766407
815667567578668177066
13356 447
312841552341034255347
322103383024401444035
372221028230540044442
202320220806425414056
807078022308140357546
310234330308006484044
037003338003011703486
712210316103130140053
131021014020354055464
622100033470137570520
210107037077305871353
284387117708757077536
702373008870557005750
220038375556006866600
383770650770700157656
237510040402600003053
703750707860478007060
871800411307071066074
827007710775761076565
288875700680771766407
815668567578668177066
13353 447
312841552321034255347
372103383024401444035
372221028230540044442
202320220806425414086
807078022308140357546
310236330308006484004
037003338003011703486
712210316103130140053
131021014020354055464
622100033470137570520
210107037077305471353
284387117708757077536
702373008870557005750
220038475556006866600
383770650770700157656
237510040402600003053
703750707860471007760
871800411307071066074
827007710775761076565
288875700680771766407
815667567578668177066
13352 447
312841552321034255347
372103383024401444035
372221028230540044442
202320220806425414086
807078022308140357546
310236330308006484004
037003338003011703486
712210316103130140053
131021014020354055464
622100033470137570520
210107037077305471355
284387117708757077536
702373008870557005750
220038475556006866600
383770650770700157656
237510040402600003053
703750707860471007760
871800411307071066074
827007710775761076565
288875700680771766407
815667567578668177066
13351 447
312821552321034255347
322103383024401444035
372221028230540044442
202320220806425414056
807078022308140357546
310236330308006484044
037003338003011703486
712210316103130140053
131021014020354055464
622100033470137570520
210107037077305871353
284387117708757077536
702373008870557005750
220038375556006866600
383770650770700157656
237510040402600003053
703750707860471003060
871800411307071066074
827007710775761076565
288875700680771766407
815667567578668177066
13350 447
312841552321734255347
372103383024401444035
372221028230540044442
202320220806425814086
807078022308140357546
310236330308006484044
037003338003011303486
712210316103130140053
131021014020354055464
622100033470137570520
210107037077305471353
284387117708757077536
772373008870557005750
220038475556006866600
383770650770700157656
237510040402600003053
703750707860471007860
871800411307071066074
827007710775761076565
788875700680771766407
815667567578668177066
13349 447
312841552327034255347
372103383024401444035
372221028230540044442
202320220806425414086
807078022308140357546
310236330308006484044
037006338003011703486
712210316103130140053
131021014020354055464
622100033470137570520
210107037077305471353
284387117708757077536
702373008870557005750
220038475556006866600
383770650770700157656
237510040402600003053
703750707860471007760
871800411307071066074
827007710775761076565
288875700680771766407
815667567578668177066
13348 448
312841552321032255347
322103383024401444035
372221028230540044442
202320220806425414056
807078022308140357546
310236330308006484044
037003338003011703486
712210316103130140053
131021014020354055464
622100033430137570520
210107037077305471353
284387117708757077536
702373008870557005750
220038375556006866600
383770650770700157656
237510040402600023053
703750707860471007060
871800411307071066074
827007710775761076565
288875700680771766407
815667567578668177866
13348 447
312841522321034255347
372103383024401444035
372221028230540044442
202320220806425414086
807078022308140357546
310236330308006484044
037003338003011703486
712210316103130140053
131021014020354055464
622100033470137570520
210107037077305471353
284387117708757077536
702373008870557005750
220038475556006866600
383770650770700157656
237510040402600003053
703750707860471007760
871800411307071066074
827007710775761076565
288875700680771766407
815667567574668177066
13348 446
532841552331034235347
542103353024401444035
372221027230540044442
202320220806421414056
803078022308140357546
310236330308006414544
037004338003011703486
712210316103130140053
131021014020354055464
622100033470137670620
210107007077305471353
281387157308757077536
702373008870557005750
220034375556006866600
383770650770700157626
237510040402600003053
703750707860472007057
871800411307071066084
527007710775761076565
288875760680771766407
815667567578668177006
13347 447
312841152321734255347
372103383024401444034
372221028230540044442
202320220804425814086
807078022308140357546
310236330308006484044
037003338003011303486
712210316103130140053
131021014020354055464
622100033470137570520
210107037077305471353
284347117708757077536
772373008870557005750
220038475556006866600
583770650770700157656
237510040402600003053
703750707860471007760
871800411307071066074
827007710775761076565
788875700680771766407
815667567578668177066
13346 447
312841552321632255347
322103303024401444035
372221028230540044442
202320220806425414056
807078022308140357546
310236330308006484044
037003338003011703486
712210316103130140053
131021014020354055464
622100033470137570520
210107037077305471353
284387117708757077536
702373008870557005750
220038375556006866600
383770650770700157656
237510040402600023053
703750707860471007060
871800411307071066074
827007710775761076565
288875700680771766407
815667567578668177066
13346 446
312841552321032255347
322103383028401444035
372221028230540044442
202320220806425414056
107078022308140357546
310236330308006484044
037003338003011703486
712210316103130140053
131021014020354055464
622100033470137570520
210107037077305471353
284387117708757077536
702373008830557005750
220038375556006866600
383770650770700157656
237510040402600023053
703750707860471007070
871800411307071066074
827007710775761076565
288875700680771766407
815667567578668177066
13345 447
312841552301034255347
372103383024401444035
372221028230540044442
202320220806425404086
807078022308140357546
310236330308006484044
037003338003011703486
712210316103130140053
131021014020354055464
622100033470137570520
210107037077305471353
284387117708757077536
702373008870557005750
220038475556006866600
383770650770700157656
237510040402600003053
703750707860471007760
871800411307071066074
827007710775767076565
288875700680771766407
815667567578668177066
13345 446
312841552321032255347
322103383024401444035
372221028230540044442
202320220806425414056
107078022308140357546
310236330308006484044
037003338003011703486
712210316103130140053
131021014020314055464
622100033470137570520
210107037077305471353
284387117708757077536
702373008830557005750
220038175556006866600
383770650770700157656
237510040402600023053
703750707860471007060
871800411307071066074
827007710775761076565
288875700680771766407
815667567578668177066
13344 448
312841552361034255347
372103385024401444035
372221028230540044442
202320220806421414076
807078022308140357546
310237330308006484844
033703338003011703486
712210312103130140053
131021014020354055484
622100073470137570620
210107007077705471353
284387117708757077546
702373008870557005750
220038371556006466600
383770650770700157626
237510040402600003053
703750707860471007060
871800411307071066074
527007710775761076565
388875700680771766407
815667567578668177066
13344 447
312841522321034255347
372103383024401444035
372221028230540044442
202320220806425414086
807078022308140357546
310236330308006484044
037003338003011703486
712210316103130140053
131021014020354055464
622100033470137570520
210107037077305471353
284387117708757077536
702373008870557005750
220038475556006866600
383770650770700157656
277510040402600003053
703750707860471007760
871800411307071066074
827007710775761076565
288875700680771766407
815667567578668177066
13343 449
312841552371134255347
372103383024401444035
372221028230540044442
202320220806421414056
803078022308140357547
310236330308002484544
037003338003011703466
712250312103130140053
131021014060358055464
622100033470137570620
210103037077705471353
284387117708757077536
702373008870557005750
220038375556006866600
483770650770700157626
237510040402600003053
703750707860478007060
871800411307071066074
127007740775761076565
288875700680771766403
815667567578668177066
13343 448
312841552361034255347
372103385024401444035
372221028230540044442
202320220806421414076
807078022308140357546
310237330308006484844
033703338003011703486
712210312103130140053
131021014020354055484
622100073470137570620
210107007077705471353
284387117708757077536
702373008870557005750
220038375556006466600
383770650770700157626
237510040402600003053
703750707860471007060
871800411307071066074
527007710775761076565
388875700680771766407
815667567578668177066
13343 447
312841552321034255347
322103383024401444035
372221028230540044442
202320220806425414056
807078022308140357546
310234330308006484044
037003338003011703486
712210316103130140053
131021014020354055464
622100033470137570522
210107037077305471353
284387117708757077546
702373008870557005750
220038375556006866600
383770650770700157656
237510040402600003053
703750707860476007060
871800411707071066074
827007710775761076565
288875700680771766407
815667567578668177066
13342 448
312841552361034255347
372103385024401444035
372221028230540044442
202320220806421414076
807078022308140357546
310237330308006484844
033703338003011703486
712210312103130140053
131021014020354055484
622100073470137570620
210107007077705471353
284387117708757077546
702373008870557005750
220038375556006466600
383770650770700157626
237510040402600003053
703750707860471007060
871800411307071066074
527007710775761076565
388875700680771766407
815667567578668177066
13342 447
312841152321734255347
372103383024401444035
372221028230540044442
202320220806425814086
807078022308140357546
310236330308006484044
037003338003011303486
712210316103130140053
131021014020354055464
622100033470137570520
210107037077305471353
284387117708757077536
772373008870557005750
220038475556006866600
583770650770700157656
237510040402600003053
703750707860471007760
871800411307071066074
727007710775761076565
788875700680071766407
815667567578668177066
13341 447
312841552321034255340
362103387024401444035
372221028230540044442
202320220805425414056
807078022308140357546
310236330308006484044
037003338003011703416
712210316103130140053
131021014020354055464
622100033470137570520
210107037077305471353
287387117708757077536
702373008870557005750
220038375556006866603
383770650770700157656
237510040402600003053
703750707860471007060
871800411307071066074
827007710775761076565
288875700680771766407
815667567578668177666
13340 448
312841552307034255347
372103345024401444034
372221028230540042442
202320220806421414056
807078022308140357546
310236330308006404544
033103338003011703486
712210316103130140053
131021014020354055464
622100033470137570620
210107007077705471353
284387517708757077536
702373008870557005750
220038375556006866600
383770650770700157626
237510040402600003053
703750707860471007060
871800411307071066074
527007710775761076565
288875700680771766407
815667567578668577066
13340 447
632841152364834255347
042103331028405444035
372221026230540344482
202320220803421414054
803078022308140013546
310631330308006544542
033120734003011703426
712210316103130140053
133021014020354055414
628100037430537530620
210107007077305473353
284387117708757077536
702373008870557005758
220038871556006766607
287770610770700157626
237550040402600003053
207750707060476007050
871800411307071066074
527007710775760076566
288875666680771766107
811668877578668177106
13340 446
312841552321032255347
322103383028401444035
372221028230540044442
202320220806425414056
107078022308140357546
310236330308006484044
037003338003011703486
712210316103130140053
131021014020354055464
622100033470137570520
210107037077305471353
284387117708757077536
702373008830557005750
220038375556006866600
383770650770700157656
237510040402600023053
703750707860471007060
871800411307071066074
827007710775761076565
288875700680071766407
815667567578668177066
13340 445
532841552331034231347
542103353024401444035
372221027230540044442
202320220806421414056
803078022308140357546
310236330308006414544
037004338003011703486
712210316103130140053
131021014020354055464
622100033470137670620
210107007077305471353
281387157308757077535
702373008870557005750
220038375556006866600
383770650770700157626
237510040402600003053
703750707860472007057
871800411307071066084
527007710775761076565
288875760680771766407
815667567578668177006
13339 449
312841552371134255347
372103387024401444035
372221028230540044442
202320220806421414056
803078022308140357547
310236330308002484544
037003338003011703466
712250312103130140053
131021014060358055464
622100033470137570620
210107037077705471353
284387117708757077536
702373008870557005750
230038375556006866600
483770650770700157626
237510040402600003053
703750307860478007080
871800411307071066074
527007740775761076565
288875700680771766403
815667567570668177066
13339 448
312841552361034255347
372103385024401444035
372221028230540040442
202320220806421414076
807078022308140357546
310237330308006484844
033703338003011703486
712210312103130140053
131021014020354055464
222100073470137570620
210107007077705471353
284387117708757077536
702373008870517005750
220038375556006866600
383770650770700157626
237510040402600003053
703750707860471007060
871800411307071066074
527007710775761076565
288875700680771766407
815667567578668177066
13339 447
312841552321032255347
362103383020401444035
372221028230540044442
202320220806425414056
807078022308140357546
310236330308006484044
037003338003011703486
712210316103130140053
131021014020354055464
622100033470137570520
210107037077305471353
284387117708757077536
702373008870557005750
220038375556006866600
383770650770700157656
237510040402600023053
703750707860471007060
871800411307071066074
827007710775761076565
288875700680771766407
811667567578668177066
13339 445
532841552331034235347
542103353024401444035
372221027230540044442
202320220806421414056
803078022308140357546
310236330308006414544
037004338003011703486
712210316103130140053
131021014020354055464
622100033470137670620
210107007077305471353
281387157308757077536
702373008870557005750
220038375556006866600
383770650770700157626
237510040402600003053
703750707860472007057
871800411307071066084
527007710775761076565
288875760680771766407
815667567578668177006
13338 448
312821552361030255347
372103385024401444035
372221028230540044442
202320220806421414006
807078022308140357546
310237330308006484844
033003338003011703486
712210316103130140057
131061014020354055484
622100073470137570640
210107007077705471053
284387117708757077536
702373008870557005750
220038875556006866600
383770650770700157626
237510040402600003053
703750307860471007060
871800411307071066074
527007710775761076565
288875700680771766407
815667567578668177066
13338 447
332841552354834255347
042103381028405444035
372221026230540344484
202320220806421414054
803078022308140013546
310631330308006544542
033120734003011703426
712210316103130140053
133021014020354055414
628100037430537530620
210107007077305474353
284387117708757077536
702373008870557005758
220038871556006766605
283770610770700157626
237550040402600003053
203750707060476007050
871800411307071066074
523007770775760076566
288875666680771766107
810668877578668177106
13338 445
532841552331034235347
542103353024401444035
372221027230540044442
202350220806421414056
803078022308140357546
310236330308006414544
037004338003011703486
712210316103130140053
131021014020354055464
622100033470137670620
210107007077305471353
281387157308757077536
702373008870557005750
220038375556006866600
383770650770700157626
237510040402600003053
703750707860472007057
871800411307071066084
527007710775761076565
288875760680771766407
815667567578668177006
13337 448
312841552361034255347
372103385024401444035
372221028230540044442
202320220806421414076
807078022308140357546
310237330308006484844
033703338003011703486
712210312103130140053
131021014020354055484
222100073470137570620
210107007077705471353
284387117708757077536
702373008870557005750
220038375556006866600
383770650770700157626
237510040402600003053
703750707860471007060
871800411307071066074
527007710775761076565
288875700680771766407
815667567578668177066
13337 447
032841552364814255347
042103381028405444035
372221026230540344442
202320220806421414054
803078022308140013546
310631330308006544542
033120734003011703426
712210316103130140053
133021014020354055414
628100037430537530620
210107007077305474353
284387117708757077536
702373008870157005758
220038871556006766600
283770610770700157626
237550040402600003053
203750707060476007050
871800411307071066074
527007710775760076566
288875666680771766407
810668877578668177706
13337 446
312841552361038255347
342103383024401444035
372221028230540044442
202320220806421414056
803078022308140357546
310236330308006414544
033003338003011703486
782250312103130140053
137021014020354055434
622100033470137570620
210107007077305474353
280387117708757077536
702373008470557005750
220038375556006866600
383770650770700157626
237110040402600003053
703750707860471007050
871800411307071066034
527007710775761076565
288875700680771766407
815667567578668177066
13337 445
532841552331034235347
542103353024401444035
372221027230540044442
202320220806421414056
803078022308140357546
310236330308006414544
037004338003011703486
712210316103130140053
131021014020354055464
622100033470177670620
210107007077305471353
281387157308757077536
702373008870557005750
220038375556006866600
383770650770700157626
237510040402600003053
703750707860472007057
871800411307071066084
427007010775761076565
288875760680771766407
815667567578668177006
13336 448
312821552361030255347
372103385024401444035
372221028230540044442
202320220806421414006
807078022308140357546
310237330308006484844
033003338003011703486
712210316103130140057
131021014020354055484
622100073470137570640
210107007077705471053
284387117708757077536
702373008870557005750
220038375556006866600
383770650770700157626
237510040402600003053
703750307860471007060
871800411307071066074
527007710775761076565
288875700680771766407
815667567578668177066
13336 447
312821552321034255347
322103383024401444035
372221028230540044442
202320220806425414056
807078022308140357546
310236330308006484044
037003338003011703486
712210316103130140053
131021014020354055464
622100033470137570520
210107037077305871353
284387117708757077536
772373008870557005758
220038375556006866600
383770650770700157656
237510040402600003053
703750707860471003060
871800411307071066074
827007710775761076565
288875700680771766407
815667567578668177066
13336 445
532841552331034231347
542103353024401444035
372221027230540044442
202320220806421414056
803078022308140357546
310236330308006414544
037004338003011703486
712210316103130140053
131021014020354055464
622100033470137670620
210107007077305478353
281387157308757077535
702373008870557005750
220038375556006866600
383770650770700157626
237510040402600003053
703750707860472007057
871800411307071066084
527007710775761076565
288875760680771766407
815667567578668177006
13335 447
232841512364634255347
042103371028405444035
372221026230540340482
202320220806421414054
803078022308140013546
310631330308006544542
033120731003011703426
712210316103130140053
133021014020354051414
628100037430537530620
210107007077305474353
284387117708757077536
702373008870557005758
220038571556006766600
283770610770700157626
237550040402600003053
203750707060476007050
871800411307071066074
527007710775760076566
288875606680771766407
810668877578668177706
13335 445
532841552331034235347
542103353024401444035
372221027230540044442
202350220806421414056
803058022308140357546
310236330308006414544
037004338003011703486
712210316103130140053
131021014020354055464
622100033470137670620
210107007077305471353
281387157308757077536
702373008870557005750
220038375556006866600
383770650770700157626
237510040402600003053
703750707860472007057
871800411307071066084
527007710775761076565
288875760680771766407
815667567578668177006
13334 448
312841552361534255347
372103335024401444034
372221028230540044442
202320220806421414056
807078022308140357546
310236330308006414544
033103338003011703466
712210316103130140053
131021014020354055464
622100033470137570620
210107007077705471353
284387517708757077536
702373008870557005750
220038375556006866600
383770650770700157626
237510040402600003053
703750707860471007060
871800411307071066044
527007710775761076565
388875700680771766407
815667567578668177066
13334 447
332841552354834255347
042103381028405444035
372221026230540344484
202320220806421414054
803078022308140013546
310631330308006544542
033120734003011703426
712210316103130140053
133021014020354055414
628100037430537570620
210107007077305474353
284387117708757077536
702373008870557005758
220038871556006766605
283770610770700157626
237550040402600003053
203750707060476007050
871800411307071066074
523007770775760076566
288875666680771766107
810668877578668177106
13334 446
312841512371038255347
342103383024401444035
372221028230540044442
202320220806421414056
803078022308140357542
310236330308006414544
033003338003011703486
782210316103130140053
130021014020354055464
623100073470137570620
210107007077305474353
280383117708757077535
702373008470553005750
220038375556006866600
383770650770700157676
237510040402600003053
703750707860471007050
871800411307071066034
527007720775761076565
208875700680771766407
815667567578668177066
13334 445
532841552331034235347
542103353024401444035
372221027230540044442
202320220806421414056
803078022308140357546
310236330308006414544
037004338003011703486
712210316103130140053
131021014020354055464
622100033470137670620
210107007077305471353
281387157308757077536
702373008870557005750
220038375556006866600
383770650770700157626
237510040402600003053
703750707860472007057
871800411307071066084
427007010775761076565
288875760680771766407
815667567578668177006
13333 448
232641552363834215347
242103343024401444035
772221021230540244484
202320220806421404054
803078022308140013546
310638330308006434645
033026738003011703886
712210316103130140053
131021014020314055404
622100037430537630622
210107007077305478353
284387117708757077536
702373008870557005756
270038631556006466600
083770650730700157656
237510040402600003053
207750707860473007150
871800411307071066074
327007710775768076565
288875700680771766407
815667567575668177736
13333 447
032841552364214255347
042103381028405444035
372221026230540344442
202320220806421414054
803078022308140013546
310631330308006544542
033120734003011703426
712210316103130140053
133021014020354055414
628100037430537530620
210107007077305474353
284387117708757077736
702373008870157005758
220038871556006766600
283770610770700157626
237550040402600003053
203750707060476007050
871800411307071066074
527007710775760076566
288875666680771766407
810668877578668177706
13333 446
312841512371038255347
342103383024401444035
372221028230540044442
202320220806421414056
803078022308140357542
310236330308006414544
033003338003011703486
782210316103130140053
130021014020354055464
623100073470137570620
210107007077305474353
280383117708757077536
702373008470553005750
220038375556006866600
383770650770700157626
237510040402600003053
703750707860471007050
871800411307071066034
527007720775761076565
208875700680771766407
815667567578668177066
13333 445
532841552331034237347
542103353024401444035
372221027330540044442
202320220806421414056
803078022308140357546
310236330308006414544
037004338003011703486
712210316503130140053
131021014020354055464
622100033470137670620
210107007077305471353
281387157308757077536
702373008870557005750
220038375556006866600
383770650770700157626
237510040402600003053
703750707860472007057
871800411307071066084
527007710775761076565
288875760680771766407
815667567578668177006
13332 448
312841552361030257347
372103385024401444035
372221027230540044442
202320220806421414076
807078022308140357546
310237330304006484844
033003338003011703486
712210316103130140053
131021014020354055404
622100073470137570620
210107007077705471353
284387117708757077536
702373008870517005750
220038375556006866600
383770650770700157626
237510040402600003053
703750707860471007060
871800411307071066074
527007710775761076565
288875700680771766407
815667567578668177066
13332 447
032841552364814255347
042103381028405444035
372221026230540344442
202320220806421414054
803078022304140013546
310631330308006544542
033120734003011703426
712210316103130140053
133021014020354055414
628100037430537530620
210107007077305474353
284387117708757075536
702373008870157005758
220038871556006766600
283770610770700157636
237550040402600003053
203750707060476007050
871800411307071066074
527007710775760076566
288875666680771766407
810668877578668177706
13331 449
312841552307034255347
372103345024401444034
372221028230540042445
202320220806421414056
807078022308140357546
310236330308006404544
033103338003011703486
712210316103130140053
131021014020354055464
622100033430137570620
210107007077705471353
284387517708757077536
702373008870557005750
220038375556006866600
383770650770700157626
237510040402600003053
703750707860471007060
871800411307071066074
527007710775761076565
288875700680771766407
815667567574668577066
13331 448
312841552361534255347
372103345026401444034
372221028230540044442
202320220806421414056
807078022308140357546
310236330308006414044
033103338003011703486
712210316103130140053
131021014020354055464
622100033470137570620
210107007077705471353
284387517708757077536
702373008870557005750
220038375556006866600
383770650770700157626
277510040402600033053
703750707860471007060
871800411307071066074
527007710775761076565
388875700680771766407
815667567578668177066
13331 447
312841552331034255347
322103383024401444035
372221028230540044442
202320220806425414056
807078022308140357546
310236330308006484054
037003338003011703486
712210316103130140053
231021014020354055464
622100033470137570520
210107033077305471353
288387117708757077536
702373008870557005750
220038375556006866600
383770650770700157656
217510040402600003053
703750707860476007060
871800411707071066074
827007710775761076565
288875700680771766407
815667567578668177066
13331 446
312841512371038255347
342103383024401444035
372221028230540044442
202320220806421414056
803078022308140357542
310236330308006414544
033003338003011703486
782210316103130140053
130021014020354055464
623100073470137570620
210107007077305474353
280387117708757077536
702373008470553005750
220038375556006866600
383770650770700157626
237510040402600003053
703750707860471007050
871800411307071066034
527007720775761076565
208875700680771766407
815667567578668177066
13331 445
532841552381034235347
542103353024401444035
372221027230540044442
202350220806421414056
803048022304140357546
310236330308006414544
037004338003011703486
712210316103130140053
131021014020354055464
622100033470137670620
210107007077305471353
281387157308757077536
702373008870557005750
220038375556006866600
383770650770700157626
237510040402600003053
703750707860472007057
871800411307071066084
827007710775761076565
288875760680771766407
815667567578668177006
13330 448
632841552363834215347
242103343024401444035
772221021230540244484
202320220806421404054
803078022308140313546
310638330308005424545
033020738003011703886
712210316103130140053
131021014020314055464
622100037430537630622
210107007077305478353
284387117708757077536
702373008870557005756
240078631556006466600
083770650730700157656
237510040402600003053
207750707860473007150
871800411307071066074
527007710775760076565
288871700680771766407
815667567570668177036
13330 447
032841152364834255347
042103381028405444035
372021026230540344142
202320220806421414054
803078022308140013546
310631330308006544542
033120734003011703426
712210316103130140053
133021014020354055414
628100037430537530620
210107007077305474353
284387117708757077536
702373008870157005758
220038871556006766600
283770610770700157626
237550040402600003053
203750707060476007050
871800411303071066074
527007710775760076566
288875666680771766407
810668877578668177706
13330 446
312841552361038255347
362103383024401444035
372221028230540044442
202320220806421414056
803078022308140357546
310236330308006414544
033003338003011703486
782250312103130140053
137025014020354055434
622100033470137570620
210107007077305474353
280387117708757077536
702373008470557005550
220038375556006866600
383770650770700157626
237110040402600003053
703750707860471007050
871800411307071066034
527007710775761076565
288875700680771766407
815667567578668177066
13330 445
312841512371038255347
342103383024401444035
372221028230540044442
202320220806421414056
803078022308140357542
310236330308006414544
033003338003011703486
782210316103130140053
130021014020354055464
623100033470137570620
210107007077305471353
280387117708757077536
702373008470553005750
220038375556006866600
383770650770700157626
237510040402600003053
703750707860471007050
871800411307071066034
527007720775761076565
208875700680771766407
815667567578668177066
13329 448
312841552361030255347
372103385024401444035
372221028230540044442
202320220806421414006
807078022308140357546
310237330308006484844
033003335003011703486
712210316103130140053
131021014020354055484
622100073470137570640
210107007077705474353
284387117708757077536
702373008870557005750
220038875556006866600
383770650770700157626
237510040402600003053
703750707860471007060
871800411307071066074
527007710775761076565
288875700680771766407
815667567578668177066
13329 447
032541152364834255347
042103381028405444035
372221026230540344442
202320220806421414054
803078022308140013546
310631330308006544542
033120734003011703406
712210316103530140053
133021014020354055414
628100037430537830620
210107007077305474353
284387117708757077536
702373008870157005758
220038871556006766600
283770610770700157626
237550040402600003053
703750707060476007050
871800411307071066074
527007710775760076566
288875666680771766407
810668877578668177706
13329 446
312841512371038255347
342103383024401444035
372221028230540044442
202320220806421414056
803078022308140357542
310236330308006414544
733003338003011703486
782210316103130140053
130021014020354055464
623100073470137570620
210107007077305474353
280387117708757077536
702373008470553005750
220038375556006866600
383770650770700157626
237510040402600003053
703750707860471007050
871800411307071066034
527007720775761076565
208875700680771766407
815667567578668177066
13328 448
632841552363834215347
242103343024401444035
772221022230540244484
202320220806421404054
803078022308140313546
310638330308006434545
033020738003011703886
712210316103130140053
131021014020314055404
622100037430537630622
210107007077305478353
284387117708757077536
702373008870557005756
240038631556006466600
083770650730700557656
237510040402600003053
207750707860473007150
871800411307071066074
527007710775760076565
288875700680771766407
815667567575668177736
13328 447
312841552331034255347
322103383024401444035
372221028230540044442
202320220806425414056
807078022308140357546
310236330308006484044
037003338003011703486
712210316103130140053
131021014020354055464
622100033470137570520
210107033077305471353
288387117708757077536
702373008870557005750
220038375556006866600
383770650770700157656
217510040402600003053
707750707860476007060
871800411707071066074
827007710775761076565
288875700680771766407
815667567578668177066
13328 446
312841512371038255347
342103383024401444035
372221028230540044442
202320220806421414056
803078022308140337542
310236330308006414544
033003338003011703486
782210316103130140053
130021014020354055464
623100073470137570620
210107007077305474353
280387117708757077536
702373008470553005750
220038375556006866600
383770650770700157626
237510040402600003053
703750707860471007050
871800411307071066034
527007720775761076565
208875700680771766407
815667567578668177066
13328 445
532841552331034235347
542103353024401444035
372221027230540044442
202350220806421414056
803058022304140357546
310236330308006414544
037004338003011703486
712210316103130140053
131021014020354055464
622100033470137670600
210107007077305471353
281387157308757077536
702373008870557005750
220038375556006866600
383770650770700157626
237510040402600003053
703750707860472007057
871800411307071066084
527007710775761076565
288875760680771766407
815667567578668177006
13327 448
632841552363834215347
242103343024401444035
772221021230540244484
202320220806421404054
803078022308140313546
310638330308006434545
033020738003011703886
712210316103130140053
138021014020314055404
622100037430537630622
210107007077305478353
284387117708757077546
702373008870557005756
240038631556006466600
083770650730700157656
237510040402600003053
207750707860873007153
871800411307071066074
527007710775760076565
288875740680771766407
815667567575668177736
13327 447
032841152363834255347
042103381028405444035
372221026230540344448
202320220806421414054
803078022308140013546
310631330308006544542
033120734003011703026
712210316103130140053
133021014020354055414
628100037430537530620
210107007077305474353
284387117708757077736
702373008870157005758
220038871556006766600
283770610770700157626
237550040402600003053
203750707560476007050
871800411307071066074
527007710775760076566
288875666680771766407
810668877578668177706
13327 445
532841552381034535347
542103353024401444035
372221027230540044442
202350220806421414056
803048022304140357546
310236330308006424544
033004338003011703486
712210316103130140053
131021014020354055464
622100033470137670620
210107007077305471353
281387157308757077536
702373008870557005750
220038375556006866600
383770650770700157626
237510040402600003053
703750707860472007057
871800411307071066084
527007710775761076565
288875760680771766407
815667567578668177006
13326 448
632841552368834215347
242103343024401444035
772221021230540244484
202320220806421404054
803078022308140313546
310638330308006454545
033020738003011703886
712210316103130140053
131021014020314055404
622100037430537630632
210107007077305478353
284387117708757077536
702373008870557005756
240038631556006466600
083770650730700157656
237510040402600003053
207750707860473007150
871800411307071066074
527007710775760076565
288875700680771766407
815667567575668177736
13326 447
312841552331034255347
322103383024401444035
372221028230540044442
202320220806425414056
807078022308140357546
310236330308006484044
037003338003011703486
712210316103130140053
131021014020354055464
622100033470137570520
210107033077305471353
288387117708757077536
702373008870557005750
220038375556006866600
383770650770700157656
217510040402600003053
703750707860476007060
871800411707071066074
827007710775761076565
288875700680771766407
815667567578668177066
13326 446
312841552361034255347
372103385024401444035
372221028230540042442
202320220807421414056
807038022308140357546
310236330304006484544
033003338003015703486
712210316103130140053
131021014020354055464
622100033470137570620
210107007077705471353
284387117708757077536
702373008870557005750
220038375556006866600
383770650770700157626
237510040402600003053
703750707860475007060
871800411307071066034
527007710775761076565
288875700680771766407
815667567578668177066
13326 445
312841512371038255347
342103383024401444035
372221028230540044442
202320220806421414056
803078022308140357542
310231330308006414544
033003338003011703486
782210316103130540053
130021014020354055464
723100033470137570620
210107007077305474353
280387117708757077536
702373008470553005750
220038675556006866600
383770650770700157626
237510040402600003053
703750707860471007050
871800411307071066034
527007720775761076565
208875700680771766407
815667567578668177066
13325 449
332841552363435215347
242103353027401444035
772221028230540244484
202320220806421404054
803078022308140313546
310638330308006484544
033060736003011703086
712210316103130140053
131021014020354055404
622100037430537530626
210107007077305478353
286387117708757077546
702333008870157005756
220038331556006466600
583770650730700157656
237510040402600003053
207750707860473007050
871800411307071066074
527007750775761076566
288875700680771766407
815667567575668177516
13325 448
232641552363834215347
242103343024401444035
772221021230540244484
202320220806421404054
803078022308140013546
310638330308006434545
033026738003011703886
712210316103130140053
131021014020314055404
622100037430537630622
210107007077305478353
284387117708757077536
702373008870557005756
270038631556006466600
083770650730700157656
237510040402600003053
207750707860473007150
871800411307071066074
327007710775768076565
288875700680771766407
815667567575668177736
13325 447
312841552361034255347
372103385024401444035
372221028230540042442
202320220807421414056
807038022308140357546
310236330308006484544
033003338003015703886
712210316103130140053
131021014020354055464
622100033470137570620
210107007077705471353
285387117708757077536
702373008870557005750
270038375556006866600
383770650770700157606
237510040402600003053
703750707860475007560
871800411307071066034
027007710775761076565
288875700680771766407
815667567578668177066
13325 445
532841552331034235347
542103353024401444035
372221027230540044442
202350220806421414056
803078022308140357546
310237330308006414544
037004338003011703486
712210316103130140053
131021014020354055464
622100033470137670620
210107007077305471353
281387157308757077536
702373008870557005750
220038375556006866600
383870650770700157626
237510040402600003053
703750707860472007017
871800411307071066084
527007710775761076565
288875760680771766407
815667567578668177006
13324 448
632841552363834215340
242103343024401444035
772221021230540244484
202320220806421404054
803078022304140313546
310638330308006434545
333020734003011703886
712210316103130140053
136021014020314055404
622100037430537430622
210107007077305478353
284387117708757077536
702373008870557005756
240038631556006466600
083770650730700157656
237510040402600043057
207750707860473007650
871800411307071066074
527007710775760076565
288875700680771766407
815667567575668177736
13324 447
312041552361634255347
342103383024401444035
372221028230540044441
202320220806421414056
803078022308140357546
310238330308006414544
033003338003011703486
712210316103170140053
134061014020354055464
622100073470137570620
210107007077305474353
284387117708757073536
702373004870557005751
220038375556006866600
383770650770700557626
237510040402600013053
703750707860471007853
871800411307071066074
527007710775761076565
288875700680771766407
815667567578668177526
13324 446
312841552366034255347
372103382024401444035
372221028230540044442
202320220806421414056
803078022308140357546
310236330308002484544
037003338003011703486
712210316103130140053
131021014060354055464
622100033470137870620
210107007077305471353
284387117708757077536
702373008870557005750
220038375556006866600
383770650770700157626
237510040402600003053
703750707860471007560
871800411307071066074
527007710775761076565
288875700680771766407
815667567573668177066
13324 445
312841552331034235347
542103353024401444035
372221028230540044442
202320220806421414056
803078022308140357546
310236330308006414444
037004338003011703486
712210316103130140053
131021014020354055464
622100033470137670620
210107007077305471353
281387157708757077536
702373008870557005750
220038375556006866606
383770650770700157676
237510040402600003053
703750707860472007657
871800411307071066084
527007710775761076565
288875760680771766407
815667567578668177066
13323 449
332841552363435215347
242103353027401444035
772221028230540244484
202320220806421404054
803078022308140313546
310638330308006484540
033060736003011703086
712210316103130140053
131021014020354055404
622100037430537530626
210107007077305478353
286387117708757077546
702373008870157005756
220038331556006466600
583770650730700157656
237510040402600003053
207750707860473007050
871800411307071066074
527007750775761076566
288875700680771766407
815667567575668177516
13323 448
332841512363134215347
242103373024401444035
772221028230540244444
202320220806421404056
803078022308140313546
310238330308007484544
033020738003011703885
712210316103130140053
131021014020358055404
622100037430533530522
210107007077305474353
284387117708757077536
702373008870557005766
220038631556006466600
083770650770700157656
237510040402600063053
007750707860473007450
871800411307071066074
527007710775761076565
288875700680771766407
815667567575668177716
13323 447
312841552361034255347
372103385024401444035
372221028230540042442
202320220807421414056
807038022308140357546
310236330308006484544
033003338003015703486
712210316103130140053
131021014020354055464
622100033470137270620
210107007073705471353
284387117708757077536
702373008870557005750
220038375556006866600
383770650770700157626
237510040402600003053
703750707860475007060
871800411307071066034
527007710775761076565
288875750680771766407
815667567578668177066
13323 446
312041552321634255347
342103383024401444035
372021028230540044442
202320220806421414056
803078022308140357546
310236330308006414541
033003338003011703486
712210316103130140053
133061014060354055464
622100033470137570621
210107007077305471353
284387117708757077536
702373008870557005751
220038375556006866600
383770650770700557626
237510040402600003053
703750707860471007050
871800411307071066074
227007710775761076565
288875700680771766407
815667567578668177086
13323 445
312841552331034235347
542103353024401444035
372221028230540044442
202320220806421414056
803078022308140357546
310236330308006414544
037004338003011703486
712210316103130140053
131021014020354055464
622100033470137670620
210107007077305471353
281387157708757077536
702373008870557005750
220038375556006866600
383770650770700157676
237510040402600003053
703750707860472007057
871800411307071066034
527007710775761076565
288875760680771766407
815667567578668177066
13322 449
332841552363438215347
242103353028401444035
772221028230540244484
202320220806421404054
803078022308140313546
310638330308006484544
033060736003011703086
712210316103130140053
131021014020354055404
622100037430537530626
210107007077305478353
286387117708757077546
702373008870157005756
220038331556006466600
583770650730700157656
237510040406600003053
207750707860473007050
871800411307071066074
527007750775761076565
288875730680771766407
815667567575668177516
13322 448
332841552363834215347
242103373024401444032
772221028230540244444
202320220806421404054
803078022308140313546
310638330308008884545
033020738003011703886
712210316103130140053
131021014020358055404
622100037430537530232
210107007077305474353
284387117708757077530
702373008870557005766
220038231556006466600
083770650770700157656
237510040402600063053
207750707860473007050
871800411307071066075
527007710775761076565
288875700680771766407
815667567571668177716
13322 447
312841552361034255347
372103383024401444035
372221028230540044442
202320220806421414056
803078022308140357546
310206330308006484044
037003338003011703486
712210316103130140053
131021014020354055464
622100033470137570620
210107007077305471353
288387557708757077536
702373008870557005750
220038575556006866606
683770650770700157626
237510040402600073053
703750707860471007060
871800411307071066074
527007710775761076565
288875700680771766403
815667567578668177066
13322 446
312841552361038255347
342103383024401444035
372221028230540044442
202320220806421414056
803078022308140357546
310236330308006444544
033003338003011703486
782250312103130140053
137021014020354055434
622100033470137570620
210107007077305474353
280387117708757077536
702373008470557005750
220038375556006866600
383770650770700157626
237510040402600003053
703750707860471007050
871800411307071066034
527007710775761076565
288875700680771766407
815667567578668177066
13322 445
312841552331034235347
542103353024401444035
372221028230540344442
202320220806421414056
803078022308140357546
310236330308006414544
037004338003011703486
712210316103130140053
131021014020354055464
622100033470137670620
210107007077305471353
281387157708757077536
702373008870557005750
220038375556006866600
383770650770700157676
237510040402600003053
703750707860472007057
871800411307071066064
527007710775761076565
288875760680771766407
815667567578668177066
13321 448
332841512363134215347
242103373024401444035
772221028230540244444
202320220806421404056
803078022308140313546
310238330308007484544
033020338003011703885
712210316103130140053
131021014020358055404
622100037430533530522
210107007077305474353
284387117708757077536
702373008870557005766
220038631556006466600
083770650770700157656
237510040402600063053
007750707860473007450
871800411307071066074
527007710775761076565
288875700680771766407
815667567575668177716
13321 447
312841552361534255347
372103345024401444034
372221028230540044442
202320220806421414056
807078022308140357546
310236330308006414044
033103338003011703486
712210316103130140053
131021014020354055464
622100033470137570620
210107007077705471353
284387517708357077536
702373008870557005750
220038375556006866600
383770650770700157626
277510040402600003053
703750707860471007060
871800411307071066074
527007710775761076565
388875700680771766807
815667567578668177066
13321 446
312841552361038235347
342103343024401444035
372221028230540044442
202320220806421414056
803078022308140357546
310238330308006414544
033003338003011703486
782210312103130140053
137021014020354055464
622100033470137570620
210107007077305474353
280387117708757077536
702373008470557005750
220038875556006866600
383770650770700157626
237510040402600003053
703750707860471007050
871800411307071066034
527007710775761076565
288875740680771766407
815667567578668177066
13321 445
312841112371038255347
342103373024401444035
372221028230540044442
202320220806421424056
803078022308140357546
310236330308001454544
033003338003011703486
782210316103130140053
130021014020354055464
623100033470137530620
210107007077305474353
280387117708757077536
702373008470553005750
220038375556006866600
383770650770700157626
237510040402600003053
303750707860471007050
871800411307071066034
527007720775761076565
208875700680771766407
815667567578668177016
13320 449
332841552363833215347
242103353024401444035
772221028230540244484
202320220806421404054
803078022308140313546
310638330308006484544
033060736003011703086
712210316103130140053
131021014020354055404
622100037430537530626
210107007077305478353
286383117708757077546
702373008870157005756
220038331556006466600
583770650730700157656
237510040402600043053
207750707860473007060
871800411307071066074
527007750775761076565
288875700680771766807
815667567575668177516
13320 448
332841512363834215347
242103373024401444035
772321028230540244444
202320220806421404056
803078022308140313546
310238330308007484544
033020738003011703885
712210316103130140053
131021014020358055404
622100037430533530522
210107007077305474353
284387117708757077536
702373008870557005766
220038631556006466600
083770650770700157656
237510040402600063053
007750707860473007450
871800411307071066074
527007710775761076565
288875700680771766407
815667567575668177716
